1339622
1339574
1339525
1339148
1339107
1339049
1339047
1339036
1339031
1339028
1339026
1338972
1338965
1338964
1338957
1338913
1338903
1338892
1338768
1338765
1338709
1338482
1338481
1338480
1338466
1338464
1338463
1338462
1338461
1338458
1338451
1338422
1338420
1338413
1338409
1338403
1338332
1338307
1338300
1338287
1338285
1338252
1338248
1338244
1338091
1338090
1338085
1338041
1338038
1338005
1337827
1337817
1337775
1337749
1337744
1337738
1337732
1337727
1334213
1334212
1334177
1330819
1342649
1342648
1342635
1342633
1342632
1342629
1342628
1342496
1342495
1342494
1342490
1342488
1342487
1342486
1342485
1342484
1342483
1342481
1342479
1342478
1342475
1342474
1342473
1342472
1342471
1342470
1342468
1342464
1342462
1342459
1342451
1342448
1342433
1342432
1342408
1342353
1342341
1342324
1342317
1342307
1342306
1342305
1342295
1342293
1342256
1342249
1342218
1342214
1342208
1342206
1342205
1342203
1342196
1342152
1342150
1342148
1342139
1342137
1342131
1342124
1342121
1342108
1342102
1342073
1342069
1342063
1342059
1342057
1342053
1342052
1342050
1342047
1342042
1342039
1342006
1341897
1341890
1341886
1341885
1341780
1341763
1341762
1341759
1341757
1341756
1341754
1341746
1341743
1341742
1341741
1341740
1341739
1341737
1341736
1341735
1341734
1341733
1341731
1341730
1341725
1341724
1341717
1341716
1341715
1341710
1341708
1341706
1341704
1341703
1341695
1341694
1341692
1341688
1341681
1341680
1341679
1341669
1341662
1341656
1341655
1341652
1341650
1341644
1341633
1341625
1341622
1341617
1341615
1341608
1341605
1341603
1341602
1341600
1341594
1341593
1341592
1341590
1341579
1341578
1341576
1341574
1341573
1341571
1341570
1341520
1341517
1341507
1341490
1341401
1341383
1341342
1341340
1341336
1341333
1341331
1341330
1341323
1341322
1341318
1341315
1341284
1341261
1341255
1341250
1341164
1341131
1341129
1341127
1341126
1341125
1341124
1341123
1341109
1341099
1341098
1341068
1340837
1340836
1340835
1340834
1340833
1340832
1340831
1340830
1340829
1340828
1340827
1340823
1340822
1340792
1340790
1340789
1340786
1340764
1340749
1340747
1340718
1340710
1340705
1340703
1340698
1340638
1340634
1340632
1340630
1340628
1340624
1340620
1340616
1340612
1340610
1340609
1340606
1340570
1340555
1340518
1340461
1340280
1340279
1340277
1340275
1340272
1340132
1340125
1340123
1340045
1340041
1340036
1340031
1340026
1340025
1340022
1340019
1340010
1340008
1340006
1339992
1339962
1339924
1339908
1339873
1339870
1339644
1339641
1339639
1339637
1339634
1339633
1339630
1339623
1343941
1343940
1343938
1343937
1343935
1343934
1343933
1343932
1343931
1343930
1343928
1343927
1343926
1343925
1343924
1343923
1343922
1343918
1343916
1343915
1343914
1343912
1343908
1343907
1343906
1343905
1343904
1343897
1343890
1343887
1343886
1343885
1343883
1343879
1343852
1343849
1343847
1343846
1343845
1343681
1343679
1343678
1343677
1343675
1343670
1343668
1343623
1343611
1343583
1343582
1343529
1343526
1343525
1343519
1343515
1343486
1343483
1343477
1343476
1343473
1343467
1343465
1343460
1343459
1343449
1343445
1343444
1343441
1343433
1343432
1343431
1343430
1343429
1343428
1343427
1343426
1343425
1343423
1343422
1343420
1343419
1343418
1343417
1343416
1343412
1343411
1343410
1343409
1343408
1343407
1343406
1343405
1343404
1343403
1343399
1343396
1343395
1343391
1343389
1343388
1343384
1343383
1343379
1343365
1343364
1343357
1343344
1343342
1343281
1343257
1343254
1343253
1343252
1343250
1343249
1343248
1343242
1343233
1343231
1343228
1343206
1343201
1343200
1343197
1343195
1343194
1343193
1343192
1343169
1343168
1343165
1343164
1343154
1343152
1343143
1343141
1343125
1343121
1343120
1343117
1343115
1343114
1343109
1343108
1343106
1343105
1343103
1343102
1343100
1343098
1343097
1343096
1343092
1343088
1343085
1343084
1343080
1343078
1343077
1343076
1343075
1343070
1343069
1343067
1343066
1343065
1343063
1343059
1343057
1343036
1343033
1343030
1343004
1342982
1342980
1342979
1342978
1342977
1342976
1342975
1342970
1342960
1342955
1342950
1342946
1342945
1342944
1342943
1342942
1342941
1342940
1342938
1342936
1342935
1342931
1342921
1342920
1342918
1342915
1342894
1342893
1342882
1342876
1342875
1342852
1342847
1342843
1342841
1342840
1342839
1342837
1342827
1342816
1342814
1342788
1342774
1342768
1342766
1342763
1342762
1342760
1342759
1342755
1342750
1342741
1342739
1342731
1342730
1342728
1342722
1342719
1342718
1342709
1342707
1342706
1342694
1342693
1342685
1342684
1342681
1342679
1342678
1342675
1342674
1342672
1342668
1342667
1342656
1342654
1342650
1346755
1346752
1346751
1346745
1346744
1346743
1346742
1346741
1346739
1346738
1346735
1346734
1346727
1346725
1346702
1346674
1346665
1346659
1346655
1346654
1346649
1346648
1346629
1346620
1346600
1346597
1346592
1346556
1346535
1346419
1346417
1346394
1346392
1346389
1346388
1346386
1346383
1346342
1346331
1346328
1346325
1346324
1346317
1346314
1346309
1346303
1346299
1346147
1346146
1346139
1346135
1346132
1346125
1346123
1346120
1346111
1346100
1346095
1346089
1346085
1346081
1346079
1346077
1346065
1346060
1346054
1346053
1346044
1346041
1346001
1345994
1345966
1345912
1345905
1345902
1345900
1345898
1345890
1345812
1345800
1345788
1345776
1345775
1345751
1345742
1345737
1345721
1345719
1345717
1345716
1345715
1345702
1345679
1345672
1345665
1345657
1345656
1345651
1345648
1345636
1345624
1345609
1345607
1345606
1345600
1345599
1345597
1345587
1345578
1345573
1345570
1345565
1345559
1345557
1345546
1345544
1345539
1345527
1345525
1345521
1345519
1345517
1345512
1345511
1345507
1345504
1345500
1345497
1345494
1345488
1345478
1345474
1345472
1345468
1345461
1345458
1345456
1345453
1345442
1345431
1345430
1345429
1345425
1345418
1345409
1345406
1345404
1345401
1345400
1345398
1345397
1345393
1345379
1345376
1345373
1345370
1345339
1345336
1345334
1345333
1345326
1345325
1345322
1345318
1345317
1345315
1345314
1345310
1345309
1345306
1345304
1345296
1345271
1345224
1345213
1345210
1345143
1345141
1345106
1345096
1345080
1345075
1345071
1345068
1345056
1345054
1344870
1344851
1344833
1344832
1344817
1344816
1344810
1344797
1344794
1344793
1344790
1344784
1344781
1344776
1344772
1344771
1344768
1344767
1344766
1344758
1344754
1344726
1344718
1344713
1344493
1344465
1344395
1344363
1344357
1344348
1344337
1344324
1344252
1344244
1344236
1344230
1344113
1344112
1344111
1344097
1344090
1344087
1344066
1344061
1343962
1343961
1343960
1343959
1343958
1343957
1343956
1343955
1343954
1343953
1343952
1343951
1343950
1343949
1343948
1343947
1343946
1343944
1343943
1343942
1349037
1349035
1349034
1349033
1349031
1349027
1349021
1349014
1349004
1349001
1348998
1348975
1348964
1348935
1348917
1348915
1348909
1348905
1348893
1348891
1348883
1348878
1348876
1348854
1348834
1348828
1348824
1348821
1348816
1348813
1348811
1348806
1348804
1348797
1348792
1348788
1348787
1348783
1348778
1348777
1348765
1348761
1348759
1348742
1348709
1348706
1348694
1348691
1348688
1348677
1348676
1348672
1348665
1348664
1348660
1348655
1348652
1348651
1348618
1348613
1348534
1348533
1348531
1348528
1348526
1348524
1348521
1348503
1348481
1348456
1348453
1348436
1348433
1348429
1348426
1348423
1348420
1348419
1348418
1348414
1348413
1348400
1348392
1348383
1348379
1348374
1348372
1348369
1348366
1348365
1348361
1348348
1348346
1348345
1348343
1348338
1348336
1348333
1348324
1348321
1348317
1348315
1348313
1348309
1348270
1348269
1348262
1348212
1348181
1348102
1348101
1348085
1348084
1348082
1348080
1348074
1348070
1348066
1348063
1348061
1348060
1348058
1348056
1348043
1348041
1348040
1348037
1348029
1348026
1348025
1348023
1348018
1348015
1347985
1347958
1347952
1347919
1347914
1347897
1347889
1347877
1347842
1347776
1347774
1347772
1347771
1347768
1347748
1347623
1347614
1347613
1347610
1347607
1347605
1347600
1347577
1347570
1347562
1347559
1347554
1347549
1347500
1347497
1347494
1347482
1347428
1347407
1347305
1347292
1347280
1347232
1347231
1347215
1347190
1347188
1347147
1347142
1347137
1347133
1347123
1347112
1347102
1347097
1347096
1347091
1347078
1347072
1347066
1347056
1347055
1347051
1347046
1347042
1347037
1347003
1346980
1346975
1346972
1346968
1346964
1346959
1346956
1346953
1346951
1346949
1346946
1346928
1346926
1346925
1346918
1346901
1346895
1346894
1346888
1346885
1346878
1346877
1346876
1346875
1346873
1346872
1346870
1346864
1346859
1346856
1346853
1346852
1346849
1346847
1346845
1346841
1346839
1346838
1346837
1346833
1346831
1346830
1346829
1346827
1346826
1346820
1346818
1346816
1346814
1346802
1346796
1346784
1346775
1346768
1346760
1350471
1350447
1350431
1350427
1350426
1350421
1350419
1350415
1350411
1350401
1350395
1350385
1350383
1350381
1350379
1350377
1350364
1350347
1350346
1350345
1350344
1350338
1350331
1350329
1350328
1350326
1350321
1350320
1350316
1350315
1350311
1350308
1350304
1350294
1350288
1350285
1350277
1350266
1350261
1350252
1350246
1350243
1350242
1350240
1350234
1350231
1350209
1350167
1350163
1350160
1350147
1350140
1350139
1350135
1350118
1350104
1350101
1350094
1350090
1350088
1350085
1350084
1350082
1350050
1350049
1350047
1350045
1350044
1350043
1350042
1350037
1350036
1350033
1350032
1350030
1350021
1350018
1350016
1350012
1350010
1350008
1350004
1350001
1350000
1349999
1349997
1349993
1349992
1349988
1349978
1349977
1349976
1349975
1349971
1349956
1349954
1349953
1349950
1349948
1349944
1349943
1349941
1349936
1349935
1349933
1349929
1349924
1349918
1349916
1349903
1349901
1349887
1349882
1349881
1349879
1349877
1349874
1349873
1349868
1349859
1349853
1349850
1349845
1349842
1349840
1349803
1349801
1349799
1349787
1349782
1349780
1349777
1349770
1349721
1349711
1349687
1349685
1349683
1349678
1349677
1349674
1349673
1349671
1349669
1349664
1349645
1349623
1349588
1349574
1349568
1349555
1349554
1349553
1349539
1349537
1349503
1349500
1349491
1349483
1349466
1349457
1349454
1349453
1349447
1349407
1349405
1349378
1349310
1349296
1349291
1349277
1349276
1349275
1349274
1349273
1349262
1349258
1349255
1349253
1349252
1349246
1349245
1349243
1349233
1349232
1349225
1349224
1349211
1349209
1349206
1349201
1349200
1349199
1349196
1349193
1349189
1349186
1349185
1349176
1349173
1349162
1349160
1349158
1349153
1349152
1349150
1349149
1349147
1349146
1349143
1349139
1349138
1349136
1349135
1349134
1349131
1349129
1349122
1349121
1349119
1349115
1349114
1349112
1349109
1349108
1349107
1349106
1349105
1349104
1349103
1349100
1349096
1349095
1349094
1349087
1349084
1349083
1349079
1349077
1349076
1349075
1349073
1349071
1349070
1349069
1349065
1349059
1349047
1349044
1349039
1355743
1355741
1355740
1355737
1355719
1355692
1355671
1355650
1355649
1355617
1355614
1355613
1355611
1355597
1355582
1355578
1355576
1355575
1355564
1355561
1355560
1355550
1355549
1355536
1355533
1355525
1355523
1355519
1355518
1355515
1355512
1355493
1355460
1355450
1355446
1355424
1355408
1355403
1355394
1355393
1355378
1355338
1355333
1355325
1355324
1355323
1355321
1355290
1355283
1355270
1355262
1355175
1355140
1355138
1355132
1355109
1355092
1355087
1355082
1355079
1355078
1355077
1355075
1355073
1355071
1355069
1355068
1355062
1355061
1355059
1355057
1355054
1355052
1355049
1355046
1355045
1355039
1355034
1355033
1355032
1355031
1355028
1355027
1355016
1355008
1355002
1355000
1354999
1354996
1354992
1354988
1354985
1354983
1354974
1354973
1354969
1354966
1354965
1354960
1354947
1354872
1354862
1354840
1354839
1354837
1354836
1354835
1354834
1354833
1354832
1354800
1354793
1354783
1354782
1354781
1354682
1354681
1354662
1354659
1354654
1354644
1354628
1354621
1354618
1354600
1354586
1354554
1354542
1354405
1354401
1354392
1354390
1354322
1354319
1354316
1354307
1354298
1354054
1354035
1354014
1353962
1353674
1353210
1353180
1353019
1352261
1352217
1352185
1352135
1351906
1351854
1351703
1351676
1351000
1350998
1350996
1350994
1350991
1350990
1350989
1350988
1350986
1350985
1350984
1350983
1350982
1350959
1350958
1350956
1350952
1350951
1350949
1350942
1350941
1350939
1350927
1350924
1350921
1350918
1350911
1350910
1350907
1350902
1350899
1350895
1350893
1350892
1350888
1350887
1350882
1350881
1350880
1350879
1350877
1350875
1350874
1350866
1350863
1350862
1350860
1350844
1350838
1350831
1350822
1350814
1350811
1350791
1350789
1350787
1350786
1350784
1350775
1350772
1350768
1350762
1350754
1350753
1350741
1350735
1350725
1350724
1350720
1350716
1350704
1350703
1350702
1350701
1350700
1350698
1350697
1350696
1350695
1350694
1350693
1350692
1350691
1350689
1350677
1350663
1350657
1350635
1350604
1350592
1350533
1350531
1350527
1350525
1350524
1350520
1350472
1357700
1357699
1357698
1357696
1357672
1357664
1357662
1357659
1357642
1357640
1357628
1357626
1357614
1357609
1357607
1357606
1357604
1357601
1357597
1357594
1357592
1357580
1357573
1357572
1357571
1357547
1357539
1357538
1357534
1357533
1357529
1357527
1357526
1357499
1357497
1357493
1357480
1357471
1357456
1357452
1357443
1357426
1357424
1357419
1357418
1357413
1357407
1357403
1357402
1357396
1357390
1357377
1357375
1357367
1357346
1357344
1357341
1357340
1357337
1357334
1357329
1357325
1357321
1357306
1357269
1357263
1357252
1357251
1357232
1357226
1357223
1357161
1357157
1357156
1357143
1357138
1357135
1357129
1357124
1357121
1357120
1357115
1357112
1357111
1357109
1357107
1357106
1357104
1357100
1357099
1357024
1357022
1357018
1357017
1357008
1356965
1356942
1356937
1356918
1356914
1356900
1356884
1356876
1356875
1356854
1356808
1356790
1356788
1356786
1356779
1356770
1356757
1356735
1356732
1356730
1356724
1356705
1356691
1356617
1356613
1356608
1356604
1356600
1356594
1356591
1356588
1356586
1356579
1356577
1356557
1356556
1356554
1356553
1356514
1356471
1356469
1356444
1356440
1356431
1356429
1356419
1356412
1356410
1356406
1356393
1356382
1356372
1356314
1356291
1356290
1356274
1356273
1356270
1356268
1356264
1356262
1356249
1356205
1356197
1356179
1356175
1356169
1356168
1356153
1356152
1356151
1356146
1356136
1356132
1356131
1356129
1356127
1356126
1356124
1356123
1356104
1356101
1356100
1356097
1356095
1356094
1356092
1356091
1356089
1356072
1356071
1356064
1356060
1356038
1356034
1356033
1356032
1356030
1356028
1356026
1355962
1355959
1355956
1355954
1355943
1355939
1355936
1355932
1355930
1355929
1355927
1355923
1355921
1355920
1355919
1355918
1355916
1355914
1355913
1355912
1355911
1355910
1355908
1355907
1355905
1355902
1355897
1355895
1355892
1355888
1355882
1355866
1355864
1355855
1355851
1355848
1355836
1355834
1355821
1355794
1355790
1355787
1355778
1355776
1355775
1355773
1355770
1355768
1355752
1355751
1355748
1355747
1355746
1355745
1355744
1359217
1359212
1359208
1359206
1359205
1359201
1359197
1359196
1359192
1359188
1359186
1359182
1359179
1359176
1359175
1359173
1359167
1359165
1359163
1359162
1359159
1359152
1359149
1359141
1359140
1359139
1359137
1359134
1359133
1359131
1359130
1359128
1359123
1359118
1359117
1359113
1359110
1359106
1359104
1359096
1359091
1359088
1359087
1359084
1359078
1359077
1359040
1359018
1359004
1358992
1358988
1358987
1358983
1358979
1358968
1358966
1358963
1358962
1358961
1358955
1358954
1358948
1358939
1358933
1358929
1358927
1358925
1358922
1358919
1358917
1358914
1358912
1358911
1358910
1358907
1358906
1358905
1358904
1358900
1358896
1358895
1358891
1358890
1358889
1358886
1358881
1358880
1358877
1358875
1358869
1358868
1358862
1358856
1358850
1358849
1358845
1358843
1358840
1358836
1358835
1358830
1358823
1358820
1358819
1358818
1358817
1358810
1358807
1358805
1358797
1358792
1358790
1358786
1358784
1358783
1358781
1358779
1358775
1358772
1358771
1358767
1358766
1358764
1358763
1358762
1358754
1358747
1358739
1358738
1358731
1358727
1358719
1358714
1358713
1358711
1358707
1358704
1358698
1358694
1358692
1358691
1358689
1358688
1358686
1358684
1358682
1358681
1358677
1358676
1358669
1358664
1358662
1358661
1358660
1358658
1358657
1358654
1358653
1358648
1358644
1358640
1358635
1358629
1358625
1358596
1358594
1358593
1358591
1358574
1358550
1358548
1358541
1358538
1358536
1358526
1358522
1358519
1358511
1358508
1358483
1358477
1358467
1358465
1358462
1358456
1358452
1358445
1358444
1358432
1358428
1358425
1358422
1358418
1358414
1358410
1358399
1358378
1358363
1358259
1358258
1358255
1358244
1358223
1358034
1358006
1357994
1357919
1357912
1357910
1357773
1357766
1357756
1357755
1357754
1357753
1357752
1357751
1357750
1357749
1357748
1357747
1357746
1357745
1357744
1357739
1357738
1357734
1357733
1357732
1357731
1357730
1357729
1357728
1357727
1357726
1357724
1357722
1357721
1357719
1357717
1357716
1357715
1357714
1357712
1357711
1357709
1357707
1357706
1357703
1357702
1360036
1360029
1360025
1359938
1359936
1359935
1359930
1359923
1359922
1359915
1359886
1359880
1359874
1359866
1359864
1359863
1359860
1359846
1359844
1359842
1359838
1359831
1359808
1359807
1359806
1359804
1359803
1359802
1359799
1359786
1359785
1359784
1359783
1359782
1359781
1359778
1359777
1359776
1359765
1359764
1359763
1359760
1359759
1359757
1359756
1359754
1359753
1359752
1359751
1359750
1359749
1359744
1359735
1359734
1359733
1359731
1359724
1359721
1359717
1359713
1359702
1359701
1359697
1359695
1359694
1359688
1359687
1359685
1359684
1359682
1359681
1359680
1359679
1359678
1359677
1359676
1359675
1359674
1359673
1359672
1359669
1359668
1359667
1359665
1359664
1359663
1359662
1359661
1359660
1359655
1359654
1359653
1359652
1359649
1359648
1359647
1359646
1359645
1359644
1359642
1359641
1359640
1359638
1359637
1359636
1359635
1359634
1359633
1359632
1359631
1359630
1359629
1359628
1359627
1359626
1359623
1359621
1359619
1359614
1359611
1359609
1359607
1359605
1359604
1359603
1359599
1359598
1359597
1359595
1359592
1359591
1359590
1359589
1359588
1359587
1359586
1359585
1359584
1359583
1359582
1359581
1359579
1359576
1359575
1359573
1359570
1359566
1359564
1359563
1359562
1359561
1359558
1359556
1359546
1359517
1359514
1359509
1359503
1359501
1359496
1359495
1359494
1359492
1359487
1359483
1359481
1359480
1359479
1359477
1359474
1359471
1359466
1359465
1359462
1359455
1359454
1359453
1359445
1359444
1359440
1359439
1359432
1359431
1359430
1359426
1359424
1359421
1359420
1359413
1359412
1359409
1359408
1359407
1359405
1359401
1359399
1359398
1359397
1359392
1359387
1359383
1359375
1359372
1359369
1359368
1359367
1359365
1359364
1359361
1359359
1359357
1359355
1359354
1359349
1359347
1359344
1359341
1359340
1359339
1359338
1359331
1359329
1359327
1359324
1359323
1359321
1359315
1359314
1359311
1359307
1359306
1359303
1359300
1359299
1359297
1359294
1359291
1359289
1359286
1359280
1359278
1359261
1359247
1359237
1359235
1359233
1359231
1359228
1359227
1359221
1361186
1361178
1361177
1361170
1361167
1361158
1361150
1361149
1361146
1361144
1361143
1361137
1361135
1361133
1361132
1361124
1361122
1361119
1361117
1361116
1361114
1361109
1361108
1361105
1361104
1361101
1361100
1361098
1361097
1361096
1361093
1361092
1361091
1361090
1361088
1361087
1361081
1361079
1361073
1361068
1361061
1361057
1361054
1361052
1361051
1361048
1361047
1361041
1361040
1361039
1361038
1361036
1361033
1361030
1361024
1361014
1361013
1361008
1361004
1361003
1361000
1360987
1360986
1360985
1360984
1360981
1360980
1360979
1360977
1360971
1360970
1360967
1360966
1360965
1360964
1360963
1360959
1360957
1360953
1360946
1360941
1360938
1360929
1360925
1360922
1360905
1360902
1360897
1360896
1360893
1360891
1360869
1360860
1360839
1360838
1360818
1360812
1360808
1360801
1360788
1360781
1360774
1360771
1360758
1360752
1360742
1360736
1360732
1360730
1360728
1360723
1360722
1360715
1360709
1360707
1360706
1360705
1360703
1360702
1360701
1360700
1360699
1360698
1360697
1360695
1360692
1360691
1360687
1360686
1360684
1360683
1360681
1360679
1360674
1360672
1360669
1360663
1360661
1360660
1360655
1360652
1360650
1360648
1360643
1360642
1360641
1360639
1360634
1360633
1360631
1360630
1360627
1360625
1360624
1360623
1360619
1360616
1360613
1360612
1360610
1360606
1360602
1360601
1360598
1360597
1360595
1360593
1360592
1360590
1360588
1360586
1360580
1360575
1360570
1360569
1360568
1360566
1360565
1360564
1360561
1360559
1360548
1360546
1360539
1360531
1360526
1360509
1360508
1360506
1360504
1360501
1360497
1360492
1360488
1360484
1360483
1360482
1360480
1360478
1360477
1360476
1360473
1360472
1360471
1360465
1360464
1360463
1360462
1360458
1360456
1360454
1360453
1360450
1360449
1360447
1360446
1360445
1360441
1360440
1360426
1360423
1360420
1360414
1360413
1360395
1360390
1360382
1360380
1360376
1360372
1360368
1360367
1360360
1360312
1360300
1360299
1360294
1360293
1360291
1360289
1360283
1360277
1360176
1360152
1360112
1360106
1360103
1360066
1360065
1360041
1366135
1366130
1366126
1366057
1366054
1366050
1366014
1366013
1366004
1365986
1365980
1365914
1365028
1364859
1364852
1364737
1364696
1364683
1363343
1363123
1363120
1362838
1362738
1362726
1362712
1361923
1361915
1361910
1361907
1361900
1361879
1361869
1361858
1361836
1361835
1361826
1361824
1361817
1361811
1361808
1361807
1361805
1361804
1361798
1361796
1361795
1361793
1361791
1361786
1361783
1361782
1361781
1361780
1361778
1361774
1361772
1361770
1361769
1361768
1361766
1361759
1361758
1361756
1361755
1361751
1361749
1361747
1361742
1361741
1361740
1361737
1361736
1361732
1361731
1361730
1361725
1361719
1361715
1361712
1361711
1361706
1361704
1361703
1361699
1361698
1361692
1361690
1361689
1361687
1361684
1361679
1361676
1361665
1361661
1361660
1361659
1361657
1361652
1361648
1361643
1361636
1361635
1361634
1361633
1361631
1361614
1361613
1361604
1361603
1361596
1361595
1361594
1361591
1361589
1361583
1361581
1361579
1361577
1361575
1361571
1361569
1361564
1361563
1361547
1361545
1361543
1361542
1361538
1361537
1361536
1361535
1361533
1361532
1361531
1361530
1361529
1361525
1361523
1361522
1361521
1361515
1361514
1361512
1361511
1361510
1361509
1361507
1361505
1361503
1361501
1361497
1361494
1361491
1361490
1361485
1361481
1361479
1361478
1361473
1361471
1361469
1361448
1361441
1361433
1361428
1361421
1361417
1361414
1361412
1361405
1361396
1361395
1361394
1361393
1361384
1361381
1361376
1361375
1361371
1361370
1361368
1361366
1361363
1361359
1361358
1361352
1361343
1361339
1361338
1361336
1361334
1361331
1361328
1361320
1361319
1361317
1361314
1361313
1361311
1361310
1361306
1361305
1361304
1361303
1361300
1361298
1361297
1361294
1361292
1361289
1361286
1361285
1361282
1361280
1361276
1361273
1361272
1361271
1361266
1361264
1361263
1361262
1361261
1361256
1361253
1361252
1361251
1361250
1361249
1361248
1361246
1361239
1361236
1361231
1361230
1361229
1361224
1361220
1361218
1361216
1361214
1361212
1361210
1361208
1361202
1361201
1361192
1361191
1361189
1361188
